   0.999764904485660  -0.016859169640255  -0.013634667499432                   0
  -0.016068711336056  -0.998293526446713   0.056141175358062                   0
  -0.014557893899101  -0.055908885283354  -0.998329737246965                   0
                   0                   0                   0   1.000000000000000
