   0.999194671156239  -0.029933304264785   0.027477380311200                   0
   0.030322887333421   0.999354178211912  -0.017566985915594                   0
  -0.026986391644920   0.018305467642221   0.999538585808665                   0
                   0                   0                   0   1.000000000000000
